model_name	molpdf	DOPE	norm_DOPE	GA341
pg-dsc3-pg-dsc3.B99990001.pdb	6425.06982421875	-155374.71875	-1.4439775325176185	1.0	
pg-dsc3-pg-dsc3.B99990002.pdb	6368.78955078125	-155835.828125	-1.4705275091983343	1.0	
pg-dsc3-pg-dsc3.B99990003.pdb	6381.9169921875	-155768.203125	-1.4666337645243437	1.0	
pg-dsc3-pg-dsc3.B99990004.pdb	6378.81494140625	-155887.25	-1.4734883025722028	1.0	
pg-dsc3-pg-dsc3.B99990005.pdb	6521.32470703125	-155589.953125	-1.4563704005592593	1.0	
pg-dsc3-pg-dsc3.B99990006.pdb	6301.91748046875	-155389.078125	-1.4448043234962222	1.0	
pg-dsc3-pg-dsc3.B99990007.pdb	6519.9189453125	-155164.25	-1.43185906191719	1.0	
pg-dsc3-pg-dsc3.B99990008.pdb	6536.59814453125	-155830.484375	-1.4702198241986797	1.0	
pg-dsc3-pg-dsc3.B99990009.pdb	6305.99658203125	-154975.3125	-1.4209803279527966	1.0	
pg-dsc3-pg-dsc3.B99990010.pdb	6526.86767578125	-155487.453125	-1.450468606413839	1.0	
