model_name	molpdf	DOPE	norm_DOPE	GA341
pg-dsc1-pg-dsc1.B99990001.pdb	5960.85595703125	-152056.59375	-1.44886774722321	1.0	
pg-dsc1-pg-dsc1.B99990002.pdb	6072.79052734375	-151322.609375	-1.4054771827436952	1.0	
pg-dsc1-pg-dsc1.B99990003.pdb	6259.01123046875	-151577.78125	-1.4205620429568928	1.0	
pg-dsc1-pg-dsc1.B99990004.pdb	6068.1728515625	-151270.421875	-1.4023920420228526	1.0	
pg-dsc1-pg-dsc1.B99990005.pdb	6341.44091796875	-150759.03125	-1.372160434043075	1.0	
pg-dsc1-pg-dsc1.B99990006.pdb	6195.5107421875	-152047.78125	-1.448346783341008	1.0	
pg-dsc1-pg-dsc1.B99990007.pdb	6109.36328125	-151661.046875	-1.4254844126878419	1.0	
pg-dsc1-pg-dsc1.B99990008.pdb	5968.99658203125	-151891.203125	-1.4390904374836535	1.0	
pg-dsc1-pg-dsc1.B99990009.pdb	6046.85791015625	-151523.6875	-1.4173642114672051	1.0	
pg-dsc1-pg-dsc1.B99990010.pdb	6035.04541015625	-151726.3125	-1.4293426859785483	1.0	
