model_name	molpdf	DOPE	norm_DOPE	GA341
pkp3.B99990001.pdb	3812.864990234375	-48819.62890625	-0.5278402318951384	1.0	
pkp3.B99990002.pdb	2917.737548828125	-48309.00390625	-0.44973387417146166	1.0	
pkp3.B99990003.pdb	2757.69970703125	-48308.953125	-0.44972610655632694	1.0	
pkp3.B99990004.pdb	3003.209228515625	-49210.4609375	-0.5876227855160612	1.0	
pkp3.B99990005.pdb	3773.81005859375	-49142.796875	-0.5772727371035036	1.0	
pkp3.B99990006.pdb	3825.99072265625	-49204.1171875	-0.5866524311330804	1.0	
pkp3.B99990007.pdb	3642.33251953125	-48558.81640625	-0.4879457605633265	1.0	
pkp3.B99990008.pdb	2624.569091796875	-49266.24609375	-0.5961558094959558	1.0	
pkp3.B99990009.pdb	2459.16162109375	-49314.6328125	-0.6035571517016105	1.0	
pkp3.B99990010.pdb	3764.383544921875	-48689.8984375	-0.5079963652614096	1.0	
