Residues	Chain	align_region
20	0	[360, (469, 471)]
21	0	[(356, 357), (359, 361), (468, 472), 475]
22	0	[(469, 471)]
23	0	[360, 471]
25	0	[291, 294, 471, (491, 492), 506]
26	0	[287, 291, (491, 492)]
28	0	[295, 489, 492]
37	0	[280, 284]
38	0	[(210, 211), (280, 281), (283, 284)]
39	0	[284]
40	0	[280, (283, 284), 287]
41	0	[210, (279, 284), 287, 350, (353, 354)]
42	0	[(209, 211), 280, 350, 353]
44	0	[283, (349, 350), (353, 354), (356, 357)]
45	0	[(209, 210), 280, 283, 346, (349, 354)]
46	0	[(209, 210), (349, 350), 353]
47	0	[349, 353]
48	0	[346, (348, 353), 356]
49	0	[209, (345, 346), (348, 350), (352, 353)]
50	0	[349]
51	0	[349]
209	1	[42, (45, 46), 49]
210	1	[38, (41, 42), (45, 46)]
211	1	[38, 42]
279	1	[41]
280	1	[(37, 38), (40, 42), 45]
281	1	[(37, 38), 41]
282	1	[41]
283	1	[(37, 38), (40, 41), (44, 45)]
284	1	[(37, 41)]
285	1	[37]
287	1	[(22, 26), 37, (40, 41)]
288	1	[31, 37]
290	1	[22, 25]
291	1	[(25, 28), (30, 31)]
292	1	[31]
294	1	[(25, 28), 31]
295	1	[(27, 28), 31]
345	1	[49]
346	1	[45, (48, 49)]
348	1	[(48, 49)]
349	1	[(44, 51)]
350	1	[(41, 42), (44, 46), (48, 49)]
351	1	[45, 48]
352	1	[45, (48, 49)]
353	1	[(22, 23), (41, 42), (44, 49)]
354	1	[23, 41, (44, 45)]
356	1	[(20, 23), 44, 48]
357	1	[(20, 24), 44]
358	1	[22]
359	1	[(21, 22)]
360	1	[(20, 23)]
361	1	[(21, 22)]
363	1	[21]
468	1	[21]
469	1	[(20, 22)]
470	1	[(20, 22)]
471	1	[(20, 23), 25]
472	1	[(20, 21)]
474	1	[20]
475	1	[(20, 21)]
488	1	[28]
489	1	[(27, 29)]
490	1	[(27, 28)]
491	1	[(25, 28), 31]
492	1	[(25, 28)]
505	1	[25]
506	1	[25]