Residues	Chain	align_region
122	0	[171, 174, 178]
123	0	[(163, 164), (166, 168), (170, 172), (174, 175), (177, 178)]
124	0	[(160, 166), (170, 171), 174]
125	0	[(163, 164), 174, (177, 178)]
126	0	[171, (173, 178)]
127	0	[160, 163, 170, (173, 174), (176, 178)]
128	0	[160, 163, 174, 177]
129	0	[174, (177, 178)]
130	0	[(173, 174), (176, 178)]
131	0	[160]
138	0	[177]
139	0	[(176, 178)]
140	0	[(176, 177)]
141	0	[177]
142	0	[173, (176, 177)]
143	0	[(172, 177)]
144	0	[173, 176]
145	0	[173, 176]
146	0	[(169, 174), 176]
147	0	[170, (172, 173)]
150	0	[(169, 170), 173]
153	0	[169]
157	0	[(166, 167)]
158	0	[(166, 170)]
161	0	[(162, 163), (165, 167), 170]
162	0	[166, 170]
164	0	[(159, 160), (162, 163)]
165	0	[160, (162, 163)]
168	0	[(159, 160)]
248	0	[149]
251	0	[148]
255	0	[(144, 146)]
283	0	[(148, 149)]
284	0	[(148, 149)]
286	0	[(148, 149)]
287	0	[145, (147, 149)]
290	0	[(144, 145), 148]
293	0	[142, (144, 145)]
294	0	[(142, 145)]
297	0	[(139, 143)]
298	0	[(139, 142)]
326	0	[145, (147, 149)]
327	0	[148]
329	0	[145, 148]
330	0	[145, 148]
333	0	[(139, 140), (142, 143), 145]
334	0	[139]
335	0	[139]
336	0	[(137, 140)]
337	0	[(137, 140), 142]
338	0	[137, 139]
339	0	[(136, 139)]
340	0	[(135, 140)]
341	0	[137, 139]
342	0	[137]
371	0	[140]
374	0	[(136, 140)]
375	0	[(136, 140)]
376	0	[136]
377	0	[(134, 138)]
378	0	[(134, 139)]
379	0	[(135, 137)]
380	0	[(133, 136)]
381	0	[(132, 136)]
382	0	[133, 135]
384	0	[133]
410	0	[136]
413	0	[(133, 136)]
414	0	[(133, 134), 136]
416	0	[(131, 134)]
417	0	[(131, 136)]
418	0	[133]
419	0	[(131, 133)]
420	0	[(130, 134)]
421	0	[(130, 133)]
422	0	[131]
454	0	[(133, 134)]
457	0	[(131, 134)]
458	0	[(131, 132)]
460	0	[(128, 131)]
461	0	[(128, 132)]
462	0	[131]
463	0	[128]
464	0	[(125, 131)]
465	0	[(125, 128), (130, 131)]
499	0	[129]
500	0	[129, 131]
502	0	[129]
503	0	[(128, 131)]
504	0	[(128, 129)]
506	0	[125, (128, 129)]
507	0	[(125, 129)]
509	0	[125]
510	0	[(124, 126), 128]
558	0	[129]
561	0	[129]
562	0	[(128, 129)]
565	0	[124, (127, 129)]
566	0	[128]
568	0	[121, 124]
569	0	[121, (124, 125)]
572	0	[121]
602	0	[124]
603	0	[124]
606	0	[117, (120, 121), 124]
609	0	[117]
610	0	[117, 121]
639	0	[116, 120]
640	0	[(116, 117), (119, 121), (123, 124)]
641	0	[117, 120]
642	0	[117]
643	0	[(113, 114), (116, 120)]
644	0	[113, (116, 117), (120, 121)]
645	0	[117]
646	0	[113, (116, 117)]
647	0	[110, (113, 114), (116, 117)]
650	0	[106, (109, 110), 113]
651	0	[110]
654	0	[(102, 103), 106]
658	0	[102]
661	0	[102, 106]
662	0	[(101, 102)]
665	0	[102, (105, 106), 109]
668	0	[109, 113]
669	0	[105, 109]
672	0	[109, (112, 113), 116]
673	0	[109, (112, 113)]
679	0	[(108, 109), 112]
682	0	[105, (108, 109)]
683	0	[(101, 102), (104, 109)]
684	0	[105]
685	0	[101, (104, 105)]
686	0	[(101, 106), 108]
687	0	[(102, 106)]
102	1	[654, 658, (661, 662), 665, 683, (686, 687)]
103	1	[654, (686, 687)]
104	1	[683, (685, 687)]
105	1	[665, 669, (682, 687)]
106	1	[650, 654, 661, 665, 683, (686, 687)]
107	1	[683]
108	1	[679, (682, 683), 686]
109	1	[650, 665, (668, 669), (672, 673), 679, (682, 683)]
110	1	[647, (650, 651)]
112	1	[(672, 673), 679]
113	1	[(643, 644), (646, 647), 650, 668, (672, 673)]
114	1	[643, 647]
116	1	[(639, 640), (643, 644), (646, 647), 672]
117	1	[606, (609, 610), (640, 647)]
118	1	[643]
119	1	[640, 643]
120	1	[606, (639, 641), (643, 644)]
121	1	[(568, 569), 572, 606, 610, 640, 644]
123	1	[640]
124	1	[510, 565, (568, 569), (602, 603), 606, 640]
125	1	[(464, 465), (506, 507), (509, 510), 569]
126	1	[(464, 465), 507, 510]
127	1	[(464, 465), 507, 565]
128	1	[(460, 461), (463, 465), (503, 504), (506, 507), 510, 562, (565, 566)]
129	1	[(460, 461), 464, (499, 500), (502, 504), (506, 507), 558, (561, 562), 565]
130	1	[(420, 421), (460, 461), (464, 465), 503]
131	1	[(416, 417), (419, 422), (457, 458), (460, 462), (464, 465), 500, 503]
132	1	[381, (416, 417), (419, 421), (457, 458), 461]
133	1	[(380, 382), 384, (413, 414), (416, 421), 454, 457]
134	1	[(377, 378), (380, 381), (413, 414), (416, 417), 420, 454, 457]
135	1	[340, (377, 382), 413, 417]
136	1	[(339, 340), (374, 381), 410, (413, 414), 417]
137	1	[(336, 342), (374, 375), (377, 379)]
138	1	[(336, 337), (339, 340), (374, 375), (377, 378)]
139	1	[(297, 298), (333, 341), (374, 375), 378]
140	1	[(297, 298), 333, (336, 337), 340, 371, (374, 375)]
141	1	[(297, 298)]
142	1	[(293, 294), (297, 298), 333, 337]
143	1	[294, 297, 333]
144	1	[255, 290, (293, 294)]
145	1	[255, 287, 290, (293, 294), 326, (329, 330), 333]
147	1	[287, 326]
148	1	[251, (283, 284), (286, 287), 290, (326, 327), 330]
160	1	[124, (127, 128), 131, (164, 165), 168]
161	1	[124]
162	1	[124, 161, (164, 165)]
163	1	[(120, 121), (123, 125), (127, 128), 161, (164, 165)]
164	1	[(120, 121), (123, 125)]
165	1	[(120, 121), 124, 161]
166	1	[(120, 121), (123, 124), (157, 158), (161, 162)]
167	1	[120, 123, (157, 158), 161]
168	1	[120, 123, 158]
169	1	[146, 150, 153, 158]
170	1	[120, (123, 124), 127, (146, 147), 150, 158, (161, 162)]
171	1	[120, (122, 124), 126, 146]
172	1	[123, 143, (146, 147)]
173	1	[123, (126, 127), 130, (142, 147), 150]
174	1	[120, (122, 130), 143, 146]
175	1	[(122, 123), 126, 143]
176	1	[(126, 127), 130, (139, 140), (142, 146)]
177	1	[123, (125, 130), (138, 143)]
178	1	[123, (126, 127), 139]