Residues	Chain	align_region
270	0	[(158, 159)]
271	0	[(158, 159)]
273	0	[(158, 159)]
274	0	[(157, 159)]
275	0	[158]
308	0	[159]
309	0	[(158, 159)]
310	0	[(158, 159)]
311	0	[(158, 159)]
312	0	[(156, 159)]
313	0	[(156, 159)]
314	0	[158]
315	0	[158]
316	0	[(155, 159)]
317	0	[(155, 158)]
348	0	[159]
349	0	[(158, 159)]
351	0	[156]
352	0	[(155, 159)]
353	0	[(156, 159)]
354	0	[156]
355	0	[(155, 157)]
356	0	[(155, 158)]
357	0	[(155, 156)]
358	0	[(155, 156)]
359	0	[(155, 156)]
404	0	[156]
405	0	[(156, 157)]
406	0	[156]
408	0	[(155, 156)]
409	0	[(155, 156)]
477	0	[(149, 150)]
478	0	[(149, 150)]
480	0	[(148, 150)]
481	0	[(147, 150)]
482	0	[149]
483	0	[(147, 149)]
484	0	[(146, 150)]
485	0	[(146, 149)]
486	0	[147]
563	0	[150]
566	0	[150]
567	0	[(149, 150)]
570	0	[(147, 150)]
571	0	[(147, 150)]
572	0	[147]
573	0	[(146, 148)]
574	0	[146, (148, 149)]
575	0	[147]
576	0	[(146, 147)]
577	0	[(146, 148)]
578	0	[(146, 147)]
614	0	[148]
617	0	[(146, 148)]
618	0	[(146, 147)]
620	0	[146]
621	0	[(146, 147)]
147	1	[481, (483, 485), (573, 574), 577]
148	1	[(480, 481), (483, 485), 570, (573, 574), 577]
149	1	[437, (477, 478), (480, 481), (484, 485), 567, 571]
150	1	[411, (477, 478), (480, 481), 484, 563, (566, 567), 570]
155	1	[(316, 317), (355, 356), 359, 408]
156	1	[(316, 317), 356]
157	1	[312, (316, 317), (352, 353), 356]
158	1	[(270, 271), (273, 275), (312, 317), (352, 353), 356]
159	1	[(270, 271), (273, 274), 310, (312, 313), 316, (348, 349), (352, 353)]