# Created by create_gmm.py, IMP.isd version 2.13.0
# data_fn: pkp_separate.mrc
# ncenters: 60
# covar_type: 'full'
# apix: 1.0
# num_samples: 1000000
# num_iter: 100000
# threshold: 0.006
# force_radii: -1.0
# force_weight: -1.0
# force_weight_frac: False
# use_dirichlet: False
# multiply_by_mass: False
# chain: None
#|num|weight|mean|covariance matrix|
|0|0.025853529580205682|131.25397474421194 167.72182510894257 147.1232595584969|42.6140007340424 12.345677917795381 3.145965136204204 12.345677917795374 45.729821371156206 -4.469497477402271 3.1459651362042074 -4.469497477402271 37.14803742675211|
|1|0.02099503032922013|181.96704468511308 178.444667925492 97.84988311073275|40.48318858240448 7.737845587373608 -17.238393647009712 7.737845587373606 47.18329829865587 -6.227256368020251 -17.238393647009715 -6.2272563680202495 79.5645251569824|
|2|0.015477111872895034|199.06434670173618 151.32160856150367 181.2212989541981|35.82318948901672 -5.781866471152395 5.0910312834637566 -5.781866471152395 51.01165694416067 -5.575390861908559 5.091031283463756 -5.575390861908559 45.85796041151317|
|3|0.012117570653111902|78.13869461191065 178.92034426546132 141.8702177190374|43.084668299174105 0.6982518305085792 -0.8725775306324186 0.6982518305085792 35.83047326346308 6.819885013730405 -0.8725775306324186 6.819885013730405 40.648069925472235|
|4|0.01714702145591067|103.31680871094798 178.8444405241191 93.64865855020159|78.75352270508638 7.993980856484976 2.9632390910972917 7.993980856484976 63.038260908020455 4.621920225426718 2.9632390910972917 4.62192022542672 30.128340093144704|
|5|0.015288393463777887|109.09699537870694 164.22960520996702 186.01514341458787|43.97999347078191 -2.627781064438192 -11.104461531511992 -2.627781064438192 37.88902267214285 1.1841566557289358 -11.104461531512001 1.1841566557289367 39.65785371289759|
|6|0.012345808967908404|216.69756166061413 157.29358691846681 147.68428700781513|31.829648772714577 3.104187260389433 -0.7015557990132752 3.104187260389433 50.1217044749863 -5.308186776827511 -0.7015557990132755 -5.308186776827513 27.12855666341154|
|7|0.02699335106903821|159.77952830065175 148.70779272868313 108.70921722463997|49.523793169743215 14.159663842869389 -2.955684175158364 14.159663842869389 46.830476006720005 2.033716120852759 -2.955684175158365 2.033716120852757 58.53525299614723|
|8|0.019563364805156736|114.99350610799505 148.03952616951088 80.16470079371433|53.78403273642258 -0.1146800355831008 4.019102884195413 -0.11468003558310069 34.24405960528112 -0.6652329060802924 4.0191028841954095 -0.6652329060802926 52.62557509787281|
|9|0.028562629032118193|185.5660337713537 146.823667213661 83.88050430358696|47.00639847887492 5.5603972961599855 4.5027101790514905 5.560397296159984 40.23847545146984 -1.1711724039972804 4.502710179051487 -1.1711724039972804 50.50944033553704|
|10|0.020888547981865287|78.55383017119681 164.84492091808423 138.1582785868983|46.79190447276489 -0.4566965515874253 -1.8302826308392246 -0.4566965515874253 26.44592015452059 -0.32831329985295343 -1.8302826308392246 -0.3283132998529531 40.8338376989431|
|11|0.020885819100406305|134.1245789339551 144.4099985812536 144.681998142564|44.880139231883476 4.800227612153295 -4.833504167401446 4.800227612153295 27.712807735310896 -8.098507574954269 -4.833504167401446 -8.09850757495427 49.44718101627471|
|12|0.015221363359410293|195.8364006501261 150.70685930251017 202.5769860777766|50.9271666345688 -1.8480902177012175 -3.3213585183003547 -1.8480902177012175 27.13355468527786 -9.256501203159694 -3.321358518300354 -9.256501203159694 68.39107659894213|
|13|0.01377257502950416|112.24520899868007 159.12996180506138 199.40368537910808|41.112237470966576 8.654162952488635 -10.881045748916335 8.654162952488637 43.45793165903118 3.1940162265200023 -10.881045748916335 3.1940162265200023 47.45233602465582|
|14|0.014162020170351751|226.4967957777115 168.10080510431433 136.8438446638148|41.97362742735636 2.2718803361903728 -6.415237513088946 2.2718803361903728 41.16839034627097 10.714664413704774 -6.415237513088947 10.714664413704776 38.80271602190027|
|15|0.02435978813065926|135.52015865789835 175.81239810612234 134.608964817756|37.00319049938898 1.2147947533644015 -9.927976277918578 1.2147947533644028 58.16927441882339 5.927869395785056 -9.927976277918578 5.9278693957850574 30.070276731658026|
|16|0.008335157227249885|102.41445613557356 213.2886073096299 193.84477728930852|31.406397036256447 2.2708439133659333 -18.736298674231147 2.2708439133659315 42.180109590362974 7.441794257793508 -18.736298674231147 7.44179425779351 51.04030105296746|
|17|0.012452535979723543|227.62519062080972 150.49200965967665 140.57420039351285|33.73949517521855 5.0763536679040975 -1.4243436353834493 5.0763536679040975 35.91911087643132 2.605579181937465 -1.4243436353834475 2.605579181937467 36.55033933535869|
|18|0.014659899463319524|117.8332743288603 160.90981282011978 87.08485608041103|50.09810604959415 -6.875206630929863 -12.155290244808334 -6.87520663092986 53.32381534933633 6.869949028816146 -12.155290244808334 6.869949028816146 43.18396981283736|
|19|0.017341905584085396|186.39726368184154 160.26187245530977 189.46033709663536|51.748305418458834 12.166553099761012 -4.635387721186424 12.166553099761012 36.0844025621811 1.3697188589729805 -4.635387721186424 1.3697188589729805 52.57669324522999|
|20|0.015449192835949888|65.60127008916899 155.128938922885 144.10888510854414|48.76789748061792 -8.098220675846665 2.8379976912721396 -8.098220675846665 32.03823921735551 2.511319700518129 2.8379976912721396 2.511319700518131 50.91394856736999|
|21|0.01782661493492865|144.9928513502507 190.33744565151355 138.47423441319285|48.88047690684526 -7.156343604124608 -1.302988471933141 -7.156343604124606 53.51143583075473 13.602941708999905 -1.3029884719331433 13.602941708999909 33.816860481853325|
|22|0.02000686192325936|113.68197951467891 177.75999636152974 188.87881567987176|49.106088892206664 -8.293400224478681 6.35274126113616 -8.293400224478681 42.829364417290265 -6.785947851946817 6.352741261136163 -6.7859478519468155 48.74351982228657|
|23|0.027024227034874115|122.50209242324713 147.56069529694918 155.06775912023454|44.98110811004653 3.680959833041695 5.8807002123101055 3.6809598330416966 51.20203217221997 -1.2067834292527362 5.880700212310107 -1.206783429252738 52.21908984774516|
|24|0.014067996839366345|184.45074981995074 178.73883322057065 198.55767359859826|33.15851079380291 11.584925430032797 -12.047773570331055 11.584925430032797 76.0345017294562 -14.227446177860507 -12.047773570331058 -14.227446177860514 46.71054382626464|
|25|0.02295454134592907|177.79796431419612 153.57057158012714 100.14428770155118|50.35521188191788 8.09697957373406 -12.445945998428755 8.09697957373406 48.448572537739864 2.1497065978063556 -12.445945998428753 2.1497065978063556 33.75600760367676|
|26|0.01492733330283041|84.20147347225387 151.14168709432172 141.0084173538827|39.7707145929326 2.2569016393963546 -8.108023390881717 2.256901639396352 30.934668657872336 -1.922143613695401 -8.10802339088172 -1.9221436136954018 39.500773816181216|
|27|0.014812604374165527|200.37941382581306 148.63993068852622 72.32016613983714|41.75767199822874 -2.214369886204968 -6.1415140567827144 -2.214369886204968 29.74682505635542 -12.48378097126602 -6.141514056782716 -12.483780971266022 80.6128931182591|
|28|0.01015697062124679|127.34997495559533 154.31585354908285 61.28094532480548|37.671917651979165 5.691674589197186 -14.094471111397509 5.6916745891971825 27.6751757966559 -0.5189094147386459 -14.094471111397512 -0.5189094147386459 68.76807078435574|
|29|0.01927238483291903|100.70507670754326 148.94453263618493 191.80400670382605|45.962455405124715 -8.076856927469231 -11.372928200272735 -8.076856927469233 36.888130607424266 11.549404172969192 -11.372928200272739 11.54940417296919 53.69138894816621|
|30|0.015308913206007108|102.7463057548159 196.44244492777798 97.25470618337096|50.1095726817345 18.950470692706535 15.8148467461346 18.95047069270653 57.688490812673905 12.81053083177111 15.814846746134602 12.81053083177111 49.11127172749093|
|31|0.02590168155662176|171.50745534150724 168.10826512510678 104.29629584184504|43.95655347193695 9.753957727114857 -2.118658609495153 9.753957727114857 57.01022627903345 0.3388170358240279 -2.118658609495153 0.3388170358240279 43.436609245301455|
|32|0.008717641494652314|199.44576085848882 150.68911840747393 160.6207375094276|58.78854581011155 14.464519159436232 -12.610364506069157 14.464519159436234 24.75805869219756 14.485373814201715 -12.610364506069146 14.485373814201715 66.48004023261993|
|33|0.02308984283663344|149.79874800249485 152.5415189967505 132.18869418190084|40.30120349284495 5.529299798693527 -5.358812970729872 5.529299798693527 40.895898816869575 1.0008372682052145 -5.358812970729872 1.0008372682052131 59.782411621982995|
|34|0.011567743866984812|112.84837429709967 195.47963301052286 182.00072979273273|36.89730167410229 -7.175606906571879 -7.849404728921586 -7.175606906571881 68.31455362879859 -6.818068115002327 -7.849404728921586 -6.818068115002326 32.12300778209308|
|35|0.010337214245401669|229.13571426665843 150.79093148260654 123.15355112435819|37.352687715902135 7.831727996569135 5.52247100640533 7.8317279965691355 38.758658580683345 1.131798862899064 5.52247100640533 1.131798862899064 36.68911979763338|
|36|0.023202195323024043|180.53355395395536 161.985141056031 88.8421615691684|51.760923440890934 0.438594774638716 -10.171346742018866 0.438594774638716 39.732060537866175 1.8866250843688093 -10.17134674201887 1.886625084368811 50.02729601817482|
|37|0.014858308586818421|173.36822543401234 192.42968090548322 104.55432748402174|35.44321621499439 -1.5117023089814046 -1.1085223373914728 -1.5117023089814041 56.70737813638186 5.2062142324235925 -1.1085223373914732 5.2062142324235925 30.433938483692753|
|38|0.017150012412171657|101.64636795938416 156.96151447441554 93.52195572162299|56.80738254940091 -10.056420336781489 -2.853315977813573 -10.056420336781489 49.18685780243937 6.41427430740635 -2.853315977813573 6.41427430740635 35.39220993290087|
|39|0.022123487317928046|169.5939559359461 146.5248714033831 90.77837065693295|42.02539743972358 3.7237548543044356 -14.741281584834104 3.7237548543044365 38.38998155044129 -4.150578155892866 -14.741281584834107 -4.150578155892866 55.21147210031852|
|40|0.015352280222900685|174.2452440168676 149.744113527787 200.40040304433992|59.929013458507384 6.34601926736107 -11.24957568558055 6.34601926736107 25.461033171740958 -4.380001547379253 -11.249575685580547 -4.380001547379252 53.77669381789496|
|41|0.023446247606754164|148.19168813572324 170.4524868433713 138.65693603254257|27.746823931865453 1.8977490308989426 -4.065764171536773 1.8977490308989426 52.788423311492444 1.9461208898900964 -4.065764171536773 1.9461208898900964 49.211128674322005|
|42|0.012390354344443874|100.11730544553942 171.33781868044088 202.3323073120254|52.05318919110012 -1.0059885280044494 -35.66237246178988 -1.0059885280044512 40.43036728311127 5.90346500498275 -35.662372461789886 5.903465004982749 74.66266020327647|
|43|0.02633352681360586|133.76607521740854 157.75552981953822 137.45611585560397|49.30980016202681 12.160191843435232 -12.767179104539446 12.160191843435237 39.364889561337904 -6.458369589930175 -12.767179104539446 -6.458369589930176 32.60541886596127|
|44|0.015662057317275768|185.74166957563293 142.9560160538555 189.8763785053273|50.65754307077422 -4.69918999859151 -6.6517892687147695 -4.69918999859151 20.27029180629124 5.986850231006727 -6.6517892687147695 5.986850231006725 56.61583394271763|
|45|0.012975959835998042|183.0541942820545 157.73153809659556 212.4526983593282|36.501823860809054 -0.9545300047447629 8.540176735333503 -0.9545300047447611 51.31702637339504 -13.557625161022107 8.540176735333501 -13.55762516102211 59.81927029658431|
|46|0.016535711277268973|75.57191090907571 149.1282025387091 128.83047781120743|50.989579678844244 4.330091039804407 -2.9411000793453552 4.330091039804407 30.69434045628053 -1.1172262668269788 -2.9411000793453552 -1.1172262668269788 46.09789668960925|
|47|0.015364039651353564|66.43834738405589 168.72502230096555 154.37659871090116|68.32217761756361 -16.356811658856554 -29.269350807909035 -16.356811658856554 49.98809552416005 1.3007452408958287 -29.26935080790903 1.3007452408958322 50.38911679292524|
|48|0.012276579302936763|214.67385735486377 149.96293732698794 137.33491097942607|38.46800918853205 2.2180070107071472 -17.472129623395755 2.2180070107071455 35.367294231267714 -4.70565685346826 -17.472129623395755 -4.70565685346826 37.16996539396581|
|49|0.012349812366542897|110.33317004177493 153.5410050830946 57.60097824559148|49.27498794321529 -0.01110765427749083 15.653019885948344 -0.01110765427749083 30.18147886023973 2.4867245463727117 15.653019885948344 2.4867245463727112 60.742765633351986|
|50|0.01766389490887007|113.91422142886805 149.6229913460543 176.03562572318648|30.935068593198384 4.0170068618053 -2.959915449315718 4.0170068618053 33.13274756313372 8.27035206457383 -2.9599154493157185 8.27035206457383 72.27739374589845|
|51|0.012106364976663569|185.97827556872735 147.98138727203246 174.73827595106138|38.963397547067984 -2.1679707248816396 -16.703834359587017 -2.1679707248816396 33.20379784117028 5.705368481737887 -16.703834359587017 5.705368481737889 47.39201776339415|
|52|0.02301423520996909|139.78200783235923 182.88031339671656 148.4140360495183|37.581512469026165 -9.290850048504549 -2.578666766132497 -9.29085004850455 63.69423673078311 6.848979394699737 -2.578666766132498 6.848979394699735 28.214178260260642|
|53|0.010008820439595318|88.04068102616006 155.33220060123907 210.9139424018261|42.87891270367031 4.995701443899295 -19.70305752992026 4.995701443899295 44.59588455831909 6.318800491186289 -19.70305752992026 6.31880049118629 53.07931472294149|
|54|0.008441557845755123|72.87493535081224 195.5871609010127 144.9941785308566|36.81264627585998 -12.023916113376643 -2.9066536115363815 -12.023916113376648 57.70282086490526 2.9678641376284745 -2.9066536115363815 2.9678641376284745 21.720836798095274|
|55|0.005014432416999523|138.6556887246823 186.94236399341258 195.7241923760902|96.6833724006681 -0.5989149559880964 41.84142221234119 -0.5989149559880964 20.35983827586542 -2.0698264869094714 41.84142221234119 -2.0698264869094714 34.45921634003649|
|56|0.008044590654787413|195.36569690802614 178.14070922350837 182.27988960279427|18.6798728670457 -5.1928558774625095 -4.925459240683721 -5.192855877462512 67.98830003548134 -52.91205296482424 -4.92545924068372 -52.91205296482425 141.4612392255948|
|57|0.027613562876919465|142.34518289498024 157.46880510976362 149.6863486180081|49.15920784037828 3.868506522618888 -19.11201802201021 3.86850652261889 41.18377892982307 -1.0049480308839032 -19.112018022010215 -1.0049480308839023 36.59973943339859|
|58|0.009939696125410307|234.4003031174905 147.80335668192134 109.14864699995849|33.361681807536534 4.2545194669728055 4.2932827513845755 4.254519466972804 24.764482122143008 0.9312396340945839 4.2932827513845755 0.9312396340945837 39.26134211257531|
|59|0.010287083658313581|53.098664275861225 156.5746180178399 156.3098588368375|47.41113602984373 9.486356979683322 -0.2527491943559621 9.486356979683324 28.476838939330605 -0.006880228660076204 -0.2527491943559619 -0.006880228660076093 44.39434173117503|
