Residues	Chain	align_region
139	0	[(192, 195)]
140	0	[(192, 193)]
142	0	[189, (192, 193), 195]
143	0	[(188, 193)]
144	0	[189]
145	0	[189]
146	0	[(185, 186), (188, 189), 192]
147	0	[186, (188, 189)]
150	0	[(185, 186), 189]
153	0	[185]
157	0	[(182, 183)]
158	0	[(182, 186)]
161	0	[(178, 179), (181, 183), 186]
162	0	[182, 186]
164	0	[(175, 176), (178, 179)]
165	0	[176, (178, 179)]
168	0	[176]
248	0	[165]
255	0	[(160, 162)]
283	0	[(164, 165)]
284	0	[(164, 165)]
286	0	[161, (164, 165)]
287	0	[161, (164, 165)]
290	0	[(160, 162), 164]
293	0	[158, (160, 161)]
294	0	[(158, 161)]
296	0	[158]
297	0	[(155, 159)]
298	0	[(155, 158)]
326	0	[161, (163, 165)]
327	0	[164]
329	0	[161, 164]
330	0	[(160, 161), 164]
333	0	[(155, 156), (158, 159), 161]
334	0	[155]
335	0	[155]
336	0	[(153, 156)]
337	0	[(153, 156), 158]
338	0	[153, 155]
339	0	[(152, 155)]
340	0	[(151, 156)]
341	0	[153, 155]
342	0	[153]
345	0	[153]
371	0	[156]
374	0	[(152, 156)]
375	0	[(152, 155)]
376	0	[152]
377	0	[(150, 154)]
378	0	[(150, 155)]
379	0	[(151, 153)]
380	0	[(149, 152)]
381	0	[(148, 152)]
382	0	[149, 151]
384	0	[149]
410	0	[152]
413	0	[(149, 152)]
414	0	[(149, 150), 152]
416	0	[(147, 150)]
417	0	[(147, 152)]
418	0	[149]
419	0	[(147, 149)]
420	0	[(146, 150)]
421	0	[(146, 149)]
422	0	[147]
453	0	[150]
454	0	[(149, 150)]
457	0	[(146, 150)]
458	0	[(147, 149)]
460	0	[(144, 148)]
461	0	[(144, 148)]
462	0	[147]
463	0	[(144, 145)]
464	0	[(142, 147)]
465	0	[(142, 147)]
500	0	[(145, 148)]
502	0	[145]
503	0	[(144, 147)]
504	0	[(144, 146)]
505	0	[145]
506	0	[141, (143, 145)]
507	0	[(141, 146)]
508	0	[144]
509	0	[141, 144]
510	0	[138, (140, 144)]
511	0	[141]
562	0	[145]
565	0	[(140, 141), (144, 145)]
566	0	[141, (144, 145)]
568	0	[137, (140, 141)]
569	0	[(137, 138), (140, 141), 144]
570	0	[141]
572	0	[134, (137, 138), 141]
602	0	[140]
603	0	[137, 140]
606	0	[(133, 134), (136, 137), 140]
607	0	[137]
609	0	[130, (133, 134), 137]
610	0	[(133, 134), 137]
613	0	[130]
639	0	[133, 136]
640	0	[(132, 137), (139, 140)]
641	0	[133, 136]
642	0	[133]
643	0	[(128, 136)]
644	0	[(129, 130), (132, 134), (136, 137)]
645	0	[129, 133]
646	0	[(125, 126), (129, 130), (132, 133)]
647	0	[(125, 134)]
648	0	[(129, 130), 133]
649	0	[129]
650	0	[122, (125, 126), (129, 130)]
651	0	[126, (129, 130)]
661	0	[122]
665	0	[(121, 122), (125, 126)]
668	0	[125, 129]
669	0	[125]
122	1	[650, 665]
124	1	[679, 682]
125	1	[(646, 647), 650, 665, (668, 669), 679, 682]
126	1	[(646, 647), (650, 651), 654, 665]
127	1	[647]
128	1	[643, 647, 679, 682]
129	1	[(643, 651), 668, 672]
130	1	[609, 613, (643, 644), (646, 648), (650, 651)]
131	1	[643, 647]
132	1	[640, (643, 644), (646, 647)]
133	1	[606, (609, 610), (639, 648)]
134	1	[572, 606, (609, 610), 640, (643, 644), 647]
135	1	[640, 643]
136	1	[606, (639, 641), (643, 644)]
137	1	[(568, 569), 572, 603, (606, 607), (609, 610), 640, 644]
138	1	[510, 569, 572]
139	1	[640]
140	1	[510, 565, (568, 569), (602, 603), 606, 640]
141	1	[507, 510, 569]
143	1	[464, (506, 507), 510]
144	1	[460, (463, 465), 503, (506, 507), 565]
145	1	[(460, 461), (463, 465), 500, (502, 507), 562, (565, 566)]
146	1	[(420, 421), 457, (460, 461), (464, 465), 500, (503, 504), 507]
147	1	[(416, 417), (419, 422), (457, 458), (460, 462), (464, 465), 500, 503]
148	1	[381, (416, 417), (419, 421), (457, 458), (460, 461), 500]
149	1	[(380, 382), 384, (413, 414), (416, 421), 454, (457, 458)]
150	1	[(377, 378), (380, 381), (413, 414), (416, 417), 420, (453, 454), 457]
151	1	[340, (377, 382), 413, 417]
152	1	[(339, 340), (374, 381), 410, (413, 414), 417]
153	1	[(336, 342), 345, (374, 375), (377, 379)]
154	1	[(336, 337), (339, 340), (374, 375), (377, 378)]
155	1	[(297, 298), (333, 341), (374, 375), 378]
156	1	[(297, 298), 333, (336, 337), 340, 371, 374]
157	1	[(297, 298)]
158	1	[(293, 294), (296, 298), 333, 337]
159	1	[294, 297, 333]
160	1	[255, 290, (293, 294), 330]
161	1	[255, (286, 287), 290, (293, 294), 326, 329, 333]
164	1	[283, (286, 287), 290, (326, 327), 330]
176	1	[164, 168]
178	1	[161, (164, 165)]
179	1	[161, (164, 165)]
181	1	[161]
182	1	[(157, 158), (161, 162)]
183	1	[(157, 158), 161]
184	1	[158]
185	1	[146, 150, 153, 158]
186	1	[(146, 147), 150, 158, (161, 162)]
188	1	[143, (146, 147)]
189	1	[(142, 147), 150]
190	1	[143]
191	1	[143]
192	1	[(139, 140), (142, 143), 146]
193	1	[(139, 140), (142, 143)]
194	1	[139]
195	1	[139]