Residues	Chain	align_region
267	0	[(30, 31)]
268	0	[31]
269	0	[31]
270	0	[(28, 31)]
271	0	[(28, 31)]
272	0	[(30, 31)]
273	0	[28, 30]
274	0	[(27, 31)]
275	0	[30]
306	0	[31]
308	0	[28]
309	0	[(28, 31)]
310	0	[(28, 29), 31]
311	0	[28]
312	0	[(26, 29)]
313	0	[(26, 30)]
314	0	[(27, 28)]
315	0	[25, (27, 28)]
316	0	[(25, 28)]
317	0	[(23, 27)]
348	0	[28]
349	0	[(28, 29)]
352	0	[(25, 29)]
353	0	[(25, 28)]
354	0	[(25, 26)]
355	0	[(23, 27)]
356	0	[(23, 28)]
357	0	[25]
358	0	[(23, 25)]
359	0	[(21, 25)]
360	0	[23]
361	0	[23]
405	0	[(25, 26)]
408	0	[(22, 26)]
409	0	[(24, 26)]
411	0	[(20, 24)]
412	0	[(21, 25)]
474	0	[22]
477	0	[(19, 22)]
478	0	[(19, 20)]
480	0	[(18, 20)]
481	0	[(18, 21)]
482	0	[19]
483	0	[(17, 19)]
484	0	[(17, 20)]
485	0	[(17, 19)]
563	0	[20]
566	0	[20]
567	0	[(18, 20)]
569	0	[18]
570	0	[(16, 20)]
571	0	[(17, 20)]
572	0	[(17, 18)]
573	0	[(15, 18)]
574	0	[(15, 19)]
575	0	[17]
576	0	[(15, 17)]
577	0	[(14, 18)]
578	0	[(14, 17)]
579	0	[(14, 15)]
583	0	[15]
614	0	[(16, 18)]
616	0	[16]
617	0	[(15, 18)]
618	0	[(15, 17)]
620	0	[(14, 16)]
621	0	[(14, 17)]
622	0	[15]
624	0	[(14, 15)]
656	0	[16]
660	0	[(14, 16)]
663	0	[14]
14	1	[577]
15	1	[573]
16	1	[570, (573, 574), (576, 578), (616, 618), 621, 656]
17	1	[(483, 485), 570, (572, 574), (576, 578), 614, (617, 618), 621]
18	1	[(480, 481), (483, 485), 567, (570, 572), 574, 577, 617]
19	1	[(477, 478), (480, 485), 567, (570, 571), 574]
20	1	[(411, 412), (477, 478), (480, 481), 484, 563, (566, 567), (570, 571)]
21	1	[359, (411, 412), 477, 481]
22	1	[359]
23	1	[317, (355, 356), (358, 359), 412]
24	1	[317, (355, 356), (358, 359), (408, 409), (411, 412)]
25	1	[(315, 317), (352, 359), 405, (408, 409), 412]
26	1	[(312, 313), (316, 317), (352, 356), 405, (408, 409)]
27	1	[274, (312, 317), (352, 353), (355, 356)]
28	1	[270, 274, 309, (312, 313), 316, 352, 356]
29	1	[(270, 271), 274, (312, 313), 349, 352]
30	1	[267, (270, 271), (274, 275), 313]
31	1	[271]