# Created by create_gmm.py, IMP.isd version 2.13.0
# data_fn: pgdp_separate.mrc
# ncenters: 20
# covar_type: 'full'
# apix: 1.0
# num_samples: 1000000
# num_iter: 100000
# threshold: 0.006
# force_radii: -1.0
# force_weight: -1.0
# force_weight_frac: False
# use_dirichlet: False
# multiply_by_mass: False
# chain: None
#|num|weight|mean|covariance matrix|
|0|0.026112376630414956|184.13728669988438 273.0834998803543 62.68785236136957|112.17835668151372 -46.154736803662644 14.39125854440304 -46.154736803662644 115.30105914326586 8.803377597980857 14.391258544403037 8.803377597980854 49.608190653390494|
|1|0.05710552955491814|93.55189181144138 281.68855318641226 174.47282713547224|120.86059411642582 92.86665669490544 2.093863857629648 92.86665669490544 324.3997926918384 -13.731874754678836 2.0938638576296453 -13.731874754678836 48.15986499478182|
|2|0.03597926739636691|212.81829732460858 246.14382873249656 144.63519680969412|79.62567774720935 -66.23756053493175 -24.66329392604706 -66.23756053493175 290.90717462434895 135.8887017829364 -24.663293926047075 135.88870178293644 184.64154493831228|
|3|0.08214851813703684|114.13850836859578 311.5829502650033 177.29202281469563|79.33818141258736 1.7723246598776505 -30.24502085412384 1.7723246598776523 294.75502968205285 -80.70450856195404 -30.245020854123833 -80.70450856195403 111.55861048199861|
|4|0.05886278302457594|129.8302786726722 249.76323639966702 122.07109801517068|165.66223975896824 -14.9238559304073 -62.461608532063565 -14.9238559304073 210.65665711123165 -0.6901553173737014 -62.46160853206355 -0.6901553173736943 85.89756595558006|
|5|0.0781101731099855|61.673362694094685 315.159830072631 125.25470760380308|123.82779484196126 -21.204370244231743 3.7781657005245686 -21.204370244231743 176.0885354661601 -3.0215339269503048 3.7781657005245686 -3.0215339269503048 43.91256562827535|
|6|0.09750338523194615|207.71638482030843 302.1770008768761 118.5942423522503|225.606709286411 5.788003652802356 -15.469477154658078 5.788003652802354 270.79358090969873 33.21551583112563 -15.469477154658078 33.21551583112563 69.17627672446334|
|7|0.07308239610117731|172.836848376624 232.1690299763052 111.89921204570963|108.99351511640201 36.87542176098888 8.959545312453507 36.875421760988864 198.8113278594341 22.907641879748173 8.959545312453503 22.907641879748173 62.3030878356772|
|8|0.04847418966201205|182.03090558597958 325.07702301327794 174.1692644603607|71.04047300341394 3.313571986100529 -23.355587548852775 3.313571986100527 132.00185055650834 34.36985055471371 -23.355587548852775 34.36985055471371 81.80593025003118|
|9|0.06352332643993774|130.5124106254596 324.7852756570081 114.4662005974499|82.6174161040856 -5.612886204919221 16.988488213411834 -5.612886204919217 113.74363488281799 -10.953201636273036 16.988488213411838 -10.953201636273036 101.22632613886344|
|10|0.04136052858834713|91.4082313332794 282.66638779394094 112.87788785168459|84.62723415569897 -35.11708752100346 -4.418609524963646 -35.11708752100346 126.51059776607701 12.775715481279608 -4.418609524963648 12.775715481279608 59.61254055977103|
|11|0.04664793791177378|121.61077153249519 246.08990913299763 201.1449142071922|80.76702631049932 39.074730455309435 -19.213822254465825 39.074730455309435 132.38805303104002 -55.45250422035673 -19.213822254465825 -55.45250422035673 160.65308085504557|
|12|0.04268044579918799|178.77822149443404 291.2108354877734 164.07795369233756|133.36763442205935 55.84901001091296 -0.5447750001355813 55.84901001091297 226.8899624889896 18.276417779306463 -0.5447750001355813 18.276417779306467 30.69324341376009|
|13|0.03328747343015818|42.73531245276717 293.03509557201477 127.42825429434247|70.62750618013304 -51.09667682902771 26.91072210004775 -51.09667682902772 285.932218178966 -104.82728379240284 26.91072210004775 -104.82728379240282 86.93744836370482|
|14|0.0239453601929202|125.25402272253595 252.5532921849378 53.302587402751314|60.62425455080918 -35.125341405973636 4.426835099160471 -35.125341405973636 153.33409894986718 61.21683178617094 4.426835099160471 61.21683178617095 89.2866504597039|
|15|0.02010254627265625|219.25789772937335 306.9655524924821 167.71895981251595|188.3340150774033 -27.022911055893694 66.39727022955144 -27.022911055893694 67.41649674254694 -12.030270313769401 66.39727022955144 -12.030270313769401 50.23710142567208|
|16|0.039700954870573305|144.60974224181606 278.5151790423749 165.10656448157718|139.83151200579434 -66.01196145607113 -59.51174656023942 -66.01196145607115 131.69421578659686 31.18493986785242 -59.51174656023942 31.184939867852414 62.987337375515764|
|17|0.057861414292690046|132.24379274120332 299.8624103492214 120.96550010054312|366.0475343689549 146.17429156323877 2.498924849664237 146.17429156323877 224.65688321536334 -1.0781349602591555 2.498924849664237 -1.078134960259156 35.51911701298304|
|18|0.04958967580337472|151.10675391056657 304.89651371506363 70.09584467894274|55.845759052153255 9.80413788045393 -44.47771731503461 9.80413788045393 293.1993555000264 22.88317658910716 -44.47771731503461 22.88317658910715 122.40804136021946|
|19|0.023921717549931554|89.86977935333478 253.72086341798664 117.29066106507558|265.04293394916954 128.2178907518799 77.78386372377688 128.21789075187985 156.95002822595387 41.72709331734202 77.78386372377688 41.72709331734202 48.77106692596622|
